38033121
77207191
97017120
34124316
93920745
99785935
39256679
11549357
46986414
5818798
13039848
72892473
72302403
83764719
55144522
4031928
79571449
66788016
5318639
24094653
40703222
53129443
25774450
70828912
62279055
44095762
81210420
59560625
36280194
77414722
4796100
90357090
32452818
30208479
76792184
19159413
56594520
71044499
42703248
40640057
74677422
3573512
88819587
80770678
4042268
34460851
44287299
23771716
15480588
30532390
423705
23289281
7489323
71625222
93013676
26202165
31560081
16768387
51371017
15150365
41462083
45231177
99597615
84257640
25880422
51482758
1435851
95051344
52097679
24068492
4206964
17814387
89631139
15303296
6285791
5053103
67724379
30113682
91939608
1184620
1784619
31122090
68516705
63308047
89494469
41949033
75499502
97360116
47060154
45121025
4614116
98374133
24611934
50005633
97590747
26378150
73481154
10202894
81057959
83887306
81820689
17092736
17985575
43973174
